709
8 452
406
210
245
148
262 661
341 146
34
26 345
49 150
70
154
483
109
820
69 36
263 443
19
114 259
845
492 408
227 405
196
436
413 224
484 573
87
155 758
48
160 740
468
202
248 337
490 59
288 94
13
606
91 40
169 454
208
38
735 44
339 99
550
125
951
570
241
218 18
5
105 80
470 198
139
130 54
275
497
138 128
387
3
291 118
9
22
775
401 51
817 185
551
273 383
35
358
233
455 165
622 46
712
188 534
695 511
11
298
216
115 475
16
0 104
62
576
229
256 27
32 6
668 617
747
678
936
482 151
111
20 285
67 929
31 264
92
76 321
145
768
153 344
760 620
394 304
113
242 12
131 65
168 338
610
769 385
29
243 676
81
450
228
281
231 580
41
433
64 657
995 204
50
93 195
991 615
463
444 237
267
457
66 30
129 386
299
422 438
162 409
236 15
98
140
664 126
103
286
78
249 717
83
619 221
310 10
45
478 469
430
333
612 788
187
781 102
320
670 912
52 528
100
74
368 388
28
1
2 71
166
296
479
559
88 428
199 72
427 101
525 403
860
21
133 359
311
447 765
840 108
947 355
815
254
181
546
119 53
203
627
723
270 271
265
516
4
167
799
453
172 182
82 61
374
95 837
330 175
313
402 116
327 68
225
179
134 117
376 85
319
238 147
23
567
596
171 372
352
461 207
283
637 577
251
663
480
222
514
869
653 885
915 797
736
211
287
392 407
737 494
533
728
277
361
770 892
272
609 832
289 58
205
350 545
364
375 681
294
517 751
554
112
14
43
424 124
189
373 157
846 558
939
526
25
481 789
982 744
278
219
741
611
348
439
923
323
7
614
176
949 234
367
96 973
300
89
446
924
255
247
578 410
63
505
302
472
223 86
42
123 806
77
47 55
213
57 579
675 415
184
755
616
75
60
197
581 143
212
624 152
838 510
921
365 324
557
509
297 937
638
120
889
316
17
79 252
435
268
677
144 336
149
532
499
834 173
346
156 97
170
746
106
644
309
536
714 246
193
773 257
451
745
220
121
201
572 841
369
953 295
226 269
411
503 161
495 513
591
553 244
127
183 891
930 582
312
803
485
177
835 200
90
84 660
646
141
137 866
260
24
761
711 471
862 474
315
136
215 566
957 796
391
908
950
397
623
502
830
594
919 371
441
894 518
730
39
858 458
707
462
163 290
997
588
583 280
314
217
266 331
477
33
597
795 498
178
279
704
174
191 395
194
467
861 322
284
307 214
142
250 37
655
377
232
317
318 521
625 537
539
423
756
524 571
328
393
859
301
459 434
569
645
652
487 847
604
713
306 703
786
876 206
282
261
628 522
347
329
504
585 335
334
356
933
159
370
404
810 529
759 595
819
679
239
899
414 980
416
332
778
340
107
158 608
164
363 384
662 607
73
743
648
292
544 993
542 564
722
978
353 464
794 399
697 683
774 825
240
389
816 589
821
56
305
400
274
420
209
720 634
519
235
343 180
942
381
848
230
515
527 568
926
754
603 390
360
473
412
584
501 752
659 253
629
543 523
293
110
801 366
780
396
448
465 432
378
460
654
549
431
508
574
807
440
719
962
552 382
520
867
605
964
849
379
303
190 445
437 927
688
715 633
613
727
417 418
708
886
325
555
421
357
351
258
491
626
893
429
132
276
186
757
326
500
647
561
192
565
732
750 496
512 548
456
590 630
877
640
538
122
671
701 710
903 868
380
530
493
631 601
700 698
425
342
362
988 665
690
426 643
488
486
632 684
987
873 674
621
656
805 476
575
802
831
686 547
672
349
814 466
682
667
560
771
818 635
738
996 753
779
963
833 685
913
599 857
972
556
535 563
593
725
726 800
853 600
850
716 824
851
687
531
507
489
641
992
506
398 651
419 449
784
766
705 586
354
598 940
442
718
724
887
812
729
897 879
733
618 828
308
952 696
541
777
669
865
562 636
813 808
956 699
658
691
787
792
602
650
673 763
852
878
829
721 872
804
689 587
702
888
706
836
693
863
642
680
881 967
896
764
855
739
920 916
975
709 999
748
906
692
772
874
811
843
822
742
790
839
540
592
842
922
880
639
986
666 884
649
734
910 793
826
890
856 762
135
944
895
928 932
971
827
731 977
931
783 749
900
918 882
960 941
694
854
